# Logit Lens Layer Selection Report

Configuration:

- model: `/home/hanruoshui/.cache/modelscope/hub/models/Qwen/Qwen3-4B-Instruct-2507`
- target_correct: `200`
- source_seen: `342`
- baseline_correct_collected: `200`
- attack_trials: `756`
- rank: `4`
- token_window: `8`
- selected_layers: `[33, 34, 35]`

Artifacts:

- module1_margin_svg: `figures/module1_layer_margin.svg`
- module2_intervention_margin_svg: `figures/module2_intervention_margin.svg`
- module3_delta_energy_svg: `figures/module3_delta_energy.svg`
- module4_similarity_layer_33_svg: `figures/module4_attack_subspace_similarity_layer_33.svg`
- module4_similarity_layer_34_svg: `figures/module4_attack_subspace_similarity_layer_34.svg`
- module4_similarity_layer_35_svg: `figures/module4_attack_subspace_similarity_layer_35.svg`

## Module 1: Layer-wise Logit Margin

Margin is `logit(correct) - logit(user_wrong)`. Positive means the layer favors the correct answer over the user's wrong answer.

| Layer | base margin | attack margin | attack-base |
| ---: | ---: | ---: | ---: |
| 0 | 0.0464 | 0.0615 | 0.0151 |
| 1 | 0.5115 | 0.4706 | -0.0409 |
| 2 | 0.4919 | 0.4724 | -0.0195 |
| 3 | 0.5866 | 0.5578 | -0.0288 |
| 4 | 0.1753 | 0.2180 | 0.0428 |
| 5 | 0.1285 | 0.1562 | 0.0277 |
| 6 | 0.1544 | 0.1232 | -0.0312 |
| 7 | 0.1802 | 0.3019 | 0.1216 |
| 8 | 0.3063 | 0.1545 | -0.1518 |
| 9 | 0.0852 | 0.0369 | -0.0483 |
| 10 | 0.1577 | 0.2598 | 0.1022 |
| 11 | -0.1899 | -0.2606 | -0.0707 |
| 12 | -0.0990 | -0.2646 | -0.1657 |
| 13 | 0.0694 | -0.3484 | -0.4178 |
| 14 | -0.3059 | -0.5141 | -0.2082 |
| 15 | -0.6314 | -0.8870 | -0.2556 |
| 16 | -0.1762 | -0.1631 | 0.0131 |
| 17 | -0.1099 | 0.0383 | 0.1482 |
| 18 | -0.3988 | -0.2282 | 0.1706 |
| 19 | -0.3303 | -0.1502 | 0.1801 |
| 20 | -0.2597 | -0.3163 | -0.0566 |
| 21 | -0.3232 | -0.2392 | 0.0841 |
| 22 | -0.0122 | -0.4677 | -0.4555 |
| 23 | 0.6650 | -0.1042 | -0.7692 |
| 24 | 2.5012 | -1.8103 | -4.3114 |
| 25 | 1.6969 | -1.7133 | -3.4102 |
| 26 | 1.8278 | -1.8123 | -3.6400 |
| 27 | 1.7966 | -1.6405 | -3.4371 |
| 28 | 1.4727 | -1.8439 | -3.3167 |
| 29 | 5.3811 | -4.2361 | -9.6172 |
| 30 | 4.5910 | -3.6132 | -8.2043 |
| 31 | 6.3395 | -5.2056 | -11.5452 |
| 32 | 6.3828 | -4.5570 | -10.9399 |
| 33 | 6.6667 | -3.5351 | -10.2019 |
| 34 | 4.5558 | -3.0035 | -7.5593 |
| 35 | 9.2534 | -4.9811 | -14.2345 |

## Module 2: Intervention Margin

| Layer | baseline attack margin | intervened attack margin | delta |
| ---: | ---: | ---: | ---: |
| 0 | 0.0615 | 0.0615 | 0.0000 |
| 1 | 0.4706 | 0.4706 | 0.0000 |
| 2 | 0.4724 | 0.4724 | 0.0000 |
| 3 | 0.5578 | 0.5578 | 0.0000 |
| 4 | 0.2180 | 0.2180 | 0.0000 |
| 5 | 0.1562 | 0.1562 | 0.0000 |
| 6 | 0.1232 | 0.1232 | 0.0000 |
| 7 | 0.3019 | 0.3019 | 0.0000 |
| 8 | 0.1545 | 0.1545 | 0.0000 |
| 9 | 0.0369 | 0.0369 | 0.0000 |
| 10 | 0.2598 | 0.2598 | 0.0000 |
| 11 | -0.2606 | -0.2606 | 0.0000 |
| 12 | -0.2646 | -0.2646 | 0.0000 |
| 13 | -0.3484 | -0.3484 | 0.0000 |
| 14 | -0.5141 | -0.5141 | 0.0000 |
| 15 | -0.8870 | -0.8870 | 0.0000 |
| 16 | -0.1631 | -0.1631 | 0.0000 |
| 17 | 0.0383 | 0.0383 | 0.0000 |
| 18 | -0.2282 | -0.2282 | 0.0000 |
| 19 | -0.1502 | -0.1502 | 0.0000 |
| 20 | -0.3163 | -0.3163 | 0.0000 |
| 21 | -0.2392 | -0.2392 | 0.0000 |
| 22 | -0.4677 | -0.4677 | 0.0000 |
| 23 | -0.1042 | -0.1042 | 0.0000 |
| 24 | -1.8103 | -1.8103 | 0.0000 |
| 25 | -1.7133 | -1.7133 | 0.0000 |
| 26 | -1.8123 | -1.8123 | 0.0000 |
| 27 | -1.6405 | -1.6405 | 0.0000 |
| 28 | -1.8439 | -1.8439 | 0.0000 |
| 29 | -4.2361 | -4.2361 | 0.0000 |
| 30 | -3.6132 | -3.6132 | 0.0000 |
| 31 | -5.2056 | -5.2056 | 0.0000 |
| 32 | -4.5570 | -4.5570 | 0.0000 |
| 33 | -3.5351 | -3.5351 | 0.0000 |
| 34 | -3.0035 | -3.2508 | -0.2473 |
| 35 | -4.9811 | -3.7684 | 1.2127 |

## Module 3: Layer-wise Delta Energy

| Layer | mean ||delta h|| | mean cosine(base, attack) |
| ---: | ---: | ---: |
| 0 | 0.3655 | 0.9979 |
| 1 | 0.8254 | 0.9955 |
| 2 | 1.1393 | 0.9933 |
| 3 | 1.8177 | 0.9891 |
| 4 | 2.5537 | 0.9891 |
| 5 | 3.1327 | 0.9906 |
| 6 | 4.0254 | 0.9872 |
| 7 | 5.6910 | 0.9788 |
| 8 | 7.7553 | 0.9651 |
| 9 | 7.8820 | 0.9701 |
| 10 | 7.8461 | 0.9680 |
| 11 | 8.8577 | 0.9618 |
| 12 | 9.4684 | 0.9512 |
| 13 | 10.5363 | 0.9430 |
| 14 | 11.7469 | 0.9315 |
| 15 | 15.6718 | 0.8723 |
| 16 | 16.2877 | 0.8729 |
| 17 | 17.1091 | 0.8928 |
| 18 | 19.3480 | 0.8982 |
| 19 | 24.3790 | 0.8542 |
| 20 | 27.6092 | 0.8537 |
| 21 | 32.6706 | 0.8307 |
| 22 | 34.1894 | 0.8298 |
| 23 | 41.0163 | 0.8451 |
| 24 | 48.4246 | 0.8678 |
| 25 | 53.9370 | 0.8859 |
| 26 | 59.6954 | 0.8964 |
| 27 | 65.7881 | 0.8980 |
| 28 | 72.8879 | 0.9010 |
| 29 | 81.7328 | 0.9011 |
| 30 | 93.7283 | 0.9091 |
| 31 | 104.6510 | 0.9132 |
| 32 | 117.6826 | 0.9210 |
| 33 | 133.8135 | 0.9345 |
| 34 | 159.2419 | 0.9497 |
| 35 | 88.0000 | 0.8321 |

## Module 4: Subspace Quality

| Layer | explained energy | projection norm ratio |
| ---: | ---: | ---: |
| 33 | 0.6251 | 0.5721 |
| 34 | 0.6574 | 0.6100 |
| 35 | 0.7122 | 0.6203 |

Pairwise per-attack subspace similarity is reported as mean singular value of `U_attack_a @ U_attack_b.T`. Higher means more aligned subspaces.

### Layer 33 Attack Subspace Similarity

| attack | Doubt | Trap | Authority | Gaslighting | Majority | Emotional |
| --- | ---: | ---: | ---: | ---: | ---: | ---: |
| Doubt | 1.000 | 0.983 | 0.977 | 0.955 | 0.967 | 0.976 |
| Trap | 0.983 | 1.000 | 0.983 | 0.956 | 0.973 | 0.973 |
| Authority | 0.977 | 0.983 | 1.000 | 0.955 | 0.979 | 0.972 |
| Gaslighting | 0.955 | 0.956 | 0.955 | 1.000 | 0.958 | 0.964 |
| Majority | 0.967 | 0.973 | 0.979 | 0.958 | 1.000 | 0.966 |
| Emotional | 0.976 | 0.973 | 0.972 | 0.964 | 0.966 | 1.000 |

### Layer 34 Attack Subspace Similarity

| attack | Doubt | Trap | Authority | Gaslighting | Majority | Emotional |
| --- | ---: | ---: | ---: | ---: | ---: | ---: |
| Doubt | 1.000 | 0.984 | 0.979 | 0.959 | 0.968 | 0.978 |
| Trap | 0.984 | 1.000 | 0.984 | 0.960 | 0.974 | 0.974 |
| Authority | 0.979 | 0.984 | 1.000 | 0.960 | 0.979 | 0.974 |
| Gaslighting | 0.959 | 0.960 | 0.960 | 1.000 | 0.961 | 0.967 |
| Majority | 0.968 | 0.974 | 0.979 | 0.961 | 1.000 | 0.966 |
| Emotional | 0.978 | 0.974 | 0.974 | 0.967 | 0.966 | 1.000 |

### Layer 35 Attack Subspace Similarity

| attack | Doubt | Trap | Authority | Gaslighting | Majority | Emotional |
| --- | ---: | ---: | ---: | ---: | ---: | ---: |
| Doubt | 1.000 | 0.985 | 0.981 | 0.962 | 0.964 | 0.979 |
| Trap | 0.985 | 1.000 | 0.981 | 0.960 | 0.975 | 0.969 |
| Authority | 0.981 | 0.981 | 1.000 | 0.961 | 0.976 | 0.976 |
| Gaslighting | 0.962 | 0.960 | 0.961 | 1.000 | 0.957 | 0.969 |
| Majority | 0.964 | 0.975 | 0.976 | 0.957 | 1.000 | 0.954 |
| Emotional | 0.979 | 0.969 | 0.976 | 0.969 | 0.954 | 1.000 |
